% fixed dither
% amp =  0.5*[2;3;2;3;5;2];
% freq = 0.8*[0.0011;0.0054;0.0023;0.0037;0.0082;0.0041]*100;
% gain = (1*[-35;-20;-21;-10;-15;-1]); %1

%% Adaptive dither
% amp =  1.5*[2;3;2;3;5;2]; %20
% freq = 0.8*[0.001;0.005;0.002;0.003;0.008;0.004]*100;
% gain = (1*[-35;-20;-21;-10;-15;-20]); %10

%% Newton Method
% amp =  0.5*[2;3;2;3;5;2];
% freq = 0.8*[0.0011;0.0054;0.0023;0.0037;0.0082;0.0041]*100;
% gain = (5*[35;20;21;10;15;20]);
% w = 0.1;
% delta = 0.1;
% w_r = w * delta * 1;
% IC = 1/0.2*diag([1 1 1 1 1 1]);

%% Adaptive Newton
% amp =  0.5*[2;3;2;3;5;2]; %20
% freq = 0.8*[0.0011;0.0054;0.0023;0.0037;0.0082;0.0041]*100;
% gain = (5*[35;20;21;10;15;20]); %30
% w = 0.1;
% delta = 0.1;
% w_r = w * delta * 1;
% IC = 1/2*diag([1 1 1 1 1 1]);

%% DSAS Newton
amp =  0.5*[2;3;4;3;5;2]; %0.5
freq = 0.8*[0.0011;0.0054;0.0023;0.0037;0.0082;0.0041]*100;
gain = (5*[30;20;21;10;15;20]); %10
gain_amp = 0.001*[1;1;1;1;1;1]; %0.001
d = 10*ones(6,1);
a_min = 0.01*[2;3;2;3;5;2];
r = 0.5;
w = 0.1;
delta = 0.1;
w_r = w * delta * 1;
IC = 1/2*diag([1 1 1 1 1 1]);

%% Experiment
% amp =  0.8*[2;5;4;3;5;2]; 
% freq = 0.8*[0.0011;0.0054;0.0023;0.0037;0.0082;0.0041]*100;
% gain = (1*[30;20;21;10;15;20]); %0.2
% gain_amp = 0.01*1*[1;1;1;1;1;1]; %0.01
% d = 10*ones(6,1);
% a_min = 0.01*[2;8;2;3;5;2];
% r = 0.5;
% w = 0.1;
% delta = 0.1;
% w_r = w * delta * 1;
% IC = 1/2*diag([1 1 1 1 1 1]);






